489061 802389 907654 485104 426035 141124 769737 636343 437212 305399 349483 668857 724797 815388 335930 647977
319777 312403 220170 301756 733920 729725 590839 798555 999676 467336 869672 537348 406417 185228 119028 679759
675007 732162 330217 439808 895937 959506 744988 808395 435733 411186 878692 675427 100531 913004 991254 987892
606393 346152 849229 788192 516454 588610 972082 750439 409873 785428 862598 628189 338016 649138 521324 340983
689879 887381 598404 223392 577686 398022 386937 595686 153763 329546 463509 567074 273652 931504 466674 888491
269129 295458 644959 402978 298481 908681 692823 681419 626980 960913 879668 676671 291103 808827 678802 269237
732954 411083 924756 904379 733076 238547 870672 920182 222667 817741 439231 254760 730139 402801 586136 409525
388855 996110 311762 260789 232749 455691 760233 455349 330323 271403 482621 524999 701816 776829 516360 603029
318703 300630 807370 106886 793311 314551 919037 504013 413721 731771 566153 646172 712336 674020 509740 223402
634276 442861 140586 295368 253582 124397 103388 174617 992644 701158 808876 968192 940955 358307 545547 266169
393502 706248 451742 525451 712868 125401 943317 212349 446669 216908 769435 163598 547699 236422 231908 989263
326777 910981 109140 533001 285755 215226 947022 328005 575741 970335 324497 363286 368730 803630 137442 574254
763368 893720 871278 635141 829579 648619 456423 594921 341398 904001 939476 325054 797268 674233 873980 403759
153791 663802 124168 577107 694040 603266 223750 565642 423740 431447 988183 875191 180074 955938 361643 239460
538063 700258 424296 200365 650914 577969 350855 243229 247576 197045 990308 726847 337253 366010 281471 168617
735930 978570 570025 829499 250481 806838 172986 453264 690979 973462 425734 802025 300831 413700 495769 522639
