283748 766605 571935 374686 838106 582933 429553 845680 472664 229411 256415 134347 181324 319159 588263 509917
607143 902530 549593 187005 127261 530450 636054 677930 844015 468289 603434 701759 409419 639836 649093 355466
334385 949638 424710 181498 252908 351469 698121 171790 768650 848899 116892 290320 879975 841032 928887 214086
362486 491941 128456 147273 146769 422946 658336 697317 582134 693407 210467 688150 385110 165255 523463 178578
606699 694505 310415 104868 385897 251356 654025 717818 396155 768486 892966 888231 681091 272143 952929 633473
703768 144513 753736 797339 107967 319558 840688 800943 300237 192814 494376 975328 754199 808703 517360 336141
306839 772945 157516 670135 476737 450433 631352 669543 993880 784999 685856 659210 559746 735790 425303 388145
187052 798405 689178 670808 607446 447347 720384 419861 364446 933860 648578 607279 278344 288014 343954 545147
424539 670964 724738 427659 838903 221999 916025 311216 346579 957041 197328 946877 101310 229751 949378 956655
789197 247740 335845 920763 665513 911981 568754 555131 972472 345008 618716 563524 277743 697390 404014 971028
509967 196807 955985 411807 411350 432083 529096 139124 563122 980990 378673 377524 273910 480622 820522 784118
821973 155801 713177 378065 114811 515870 622906 770939 222573 887268 566967 758977 136728 707533 924868 548214
450655 948117 169471 885738 975148 165401 132767 583332 195887 176562 603283 506699 248213 648608 452139 818164
862625 822865 244337 784114 586041 806112 806389 153615 740996 616178 600680 288883 537432 214135 102948 679034
264202 654432 929086 710016 713278 171431 112857 802132 859222 317107 743393 219501 439728 679546 230010 806069
854349 189917 514593 456132 616347 493548 712016 138838 695630 494397 921123 172554 966479 712170 332612 277022
