858257 224289 871639 760275 456852 625764 306649 467679 629753 951348 477517 312389 284108 693532 102203 742017 931632 908549 987707 667235 957918 295918 270452 161114 987407 488304 544678 404771 880241 225194 314826 460947
154859 478321 182303 630680 357047 492946 516576 337313 677559 313764 542972 615535 396777 564388 691035 506381 438620 770126 971152 174285 818054 443289 543324 342839 878947 557690 835486 367733 535598 698652 909406 433166
604044 387581 768370 193236 273992 998507 558132 622046 944031 401501 527665 142642 531435 647476 485872 743285 332447 805503 690871 239455 255551 619780 525507 209144 497500 342499 614268 436516 594877 136402 631145 345646
751924 985459 782447 616394 544240 903148 713862 831567 565050 452592 324696 488610 642251 342052 518594 868761 860120 264529 272082 193967 116899 740351 291156 709269 954218 403280 253428 651202 519291 646534 953921 254376
826992 206657 754493 476391 572317 993371 387315 797994 838748 682246 850392 142133 171204 864825 730905 308450 887649 315409 869126 339179 904925 659541 907267 725785 378862 818835 732257 734918 497871 956574 167054 289269
763192 992393 527908 999147 771992 239912 613786 472884 266581 690465 739784 449443 589356 884401 849074 456137 493175 396695 654917 759349 781692 981952 150101 967598 508172 232203 947070 420048 939532 592443 354160 748081
452599 341955 150664 685718 718563 157120 364756 265061 115600 212924 326041 393068 993741 289529 963548 734948 436515 903248 350107 469443 301300 593553 443743 140964 512327 431356 149006 270741 784744 865193 652521 608624
109955 387402 377451 827188 141315 290148 815420 134318 244780 309550 275775 699303 981831 594687 629698 985580 108823 913987 310043 163474 375043 562486 422108 118139 477132 628461 207159 679881 137761 529511 731208 751340
377197 597209 835707 468193 325037 140040 728150 725930 610837 972556 518485 871501 135101 235819 746616 284962 772416 528252 623966 781768 308323 704380 748926 975407 718410 629307 529837 668910 429142 376006 791266 845150
602669 467119 488692 702713 334505 526738 284516 859822 653653 335179 598853 128753 710574 304152 698073 810038 452877 567077 348556 145915 416185 932351 209614 368876 710732 603351 262313 429865 873307 404344 252728 964914
724397 311993 442949 776436 143721 371244 582270 268408 667157 209613 159923 686292 902176 577520 422682 372615 635503 572548 450543 601298 351484 877515 564275 963499 738701 849247 955182 802640 457715 519645 497285 710293
113211 801913 651964 444859 324546 945594 558149 883337 920345 656757 306966 666145 230094 226007 861033 730717 319692 430847 894585 737980 365201 363193 417116 665492 775547 108642 375379 680845 712966 630793 990411 218119
177382 248116 216244 175154 471948 571465 132169 945303 883625 188659 169094 716314 834614 290600 273960 385741 191390 617015 367169 311421 146705 350602 103870 591013 458833 983872 126168 558360 491371 728820 169452 252699
384011 365186 253824 428675 705102 203423 509690 843035 933968 188975 610502 729366 170161 459823 186655 745345 698832 710002 475087 654532 206942 688493 688269 166794 819651 899196 781248 777682 125126 989985 873324 868547
203281 795464 668913 533403 318955 973332 755667 333573 607691 229839 730126 510226 177935 914105 780270 852299 640730 877686 914016 969863 895170 220981 396730 156955 155640 944981 473344 200935 746404 910602 368760 839990
959507 348916 142928 936589 566379 647695 269134 760739 491841 641554 148699 185346 840294 480942 932308 741826 117706 515984 786472 560430 256150 900603 805538 499686 838016 690718 677418 278545 838258 989174 614841 721501
319846 196509 335493 654470 519177 961970 688966 455502 241364 841467 867269 905850 534929 305651 866546 264688 504407 578059 605174 331923 468551 320185 128617 484349 564925 307843 328599 261911 219707 442842 606126 770677
884942 465117 558239 296464 234167 237342 841669 660826 664756 769875 604591 204576 780518 214884 759489 862674 823824 640856 665734 920224 987765 214755 880998 102994 450964 912040 401278 425312 597536 562957 887210 506486
657641 997672 502402 122809 361746 458572 585677 161481 219770 845932 771526 362671 158893 881050 552777 906030 373511 418678 919233 268909 680812 769658 332177 561809 670490 188395 700880 614220 175139 174687 570129 503651
195052 186149 629692 444474 171368 731725 867035 778188 615472 203017 517899 959498 565520 576222 180565 200771 637273 871873 467237 326761 203582 592494 866704 301852 423495 363240 131476 636657 275066 990701 975957 362766
852267 447092 387406 372175 371583 125488 953483 232358 123194 611231 411975 446040 928904 199762 640175 878165 443365 502394 180459 824104 629544 151200 493434 442548 162640 250954 323115 827438 223488 750556 273740 786576
135078 890834 185408 527001 710603 920852 307029 451633 344413 186456 327134 454464 939188 119240 929204 389707 897412 560638 449803 503712 391130 406830 194257 584579 988655 101390 555739 843532 572118 950501 931951 241043
154812 914619 810123 394876 357706 507086 175266 520592 528469 465425 990975 266431 573043 524014 774615 149537 421456 905240 948469 718969 409187 996062 466228 422089 982091 534049 218441 897493 594709 237769 518523 181260
213341 697712 995403 377708 904740 241481 788435 998085 657390 841308 593245 611568 865799 816532 750530 377418 397868 433854 333973 588423 444087 667476 863525 821611 445569 275856 898164 351273 377650 969576 571892 626863
699175 531266 609902 215729 737732 480806 952239 674678 988728 723578 140639 167740 358319 433772 571781 565494 691874 384188 267119 511143 651467 724000 991373 479137 207685 583395 475371 901289 539608 277862 397926 174773
650603 142497 547172 399527 597819 171437 336235 569157 461163 843552 907520 129896 621833 268291 701139 349228 368500 697308 334707 167219 641356 423861 904445 102176 530854 763131 603756 191510 399775 743476 677492 626226
589881 949088 152022 535712 127807 356991 574483 422198 996575 757836 967265 441016 498899 963662 284084 913353 460555 712661 380559 639685 895339 384840 240017 882299 711689 813794 816183 506812 536615 785969 880572 323610
956193 394343 234995 720327 369064 569309 295445 327455 264921 881649 879978 393237 417228 838729 700432 801282 739697 955098 312874 665531 607675 440902 377036 277652 247125 964452 116868 728742 228573 268730 269126 147779
704621 304134 111853 468313 710174 371858 477082 687664 159888 873219 966515 829353 458943 805375 968230 301918 262499 306718 394386 666441 582300 421877 499411 684690 954332 688977 760081 882524 695234 931082 147217 990288
798927 297249 280703 508030 430498 725880 153455 123988 249832 432207 787238 788741 269271 327939 528351 808904 441249 514351 865145 361382 180751 784537 462513 973422 625414 322831 384696 745694 980901 116640 845057 211651
779553 747536 853485 814436 924533 516546 477292 172810 934987 781718 575159 728117 559088 817196 296820 637916 633914 172154 648664 144398 314245 688070 782021 816726 645788 835836 885099 309589 354986 202167 761545 840497
375637 560716 303592 705468 344461 277496 920128 264265 644026 211948 102683 537216 614800 791374 768303 727834 558806 480920 879972 245409 334046 494087 531876 795354 767303 441154 186064 475444 719657 988414 802108 354268
