358977 719027 394109 780973 954668 793724 782142 802519 740997 955559 423261 185009 509573 688166 148070 987367 682455 213369 695573 987734 833053 882731 772867 455485 373091 537971 156596 794738 326625 618389 343311 358956
931583 379890 105089 171503 454483 902161 389712 577903 442310 936156 278053 222895 867657 565194 325892 578759 632672 235220 564176 825292 223999 558554 804596 496956 441690 984417 987088 259951 669838 853254 420407 449961
383936 583295 867533 975003 702440 654405 726740 439224 405767 318617 213960 214813 352736 739993 105894 970346 827408 943760 726026 366116 232419 539121 589168 583551 881674 175148 166122 360653 614433 468515 389040 463256
418099 885852 852904 165548 219518 493871 242973 714409 429802 333877 416652 864791 610798 802714 308260 685354 209044 275181 251819 621850 413379 444174 694155 823093 319556 252593 271471 469280 942053 788859 364855 590049
551355 334680 908507 264136 650733 928075 613191 312218 347045 583472 650176 155416 815245 720163 521003 812548 966968 645300 263119 554450 452142 838238 320488 440149 466135 499049 823232 790351 937710 226586 277350 154726
672645 835478 482328 378750 317745 712039 550774 484473 110905 415246 941213 884822 986448 469219 617831 868144 294725 921131 686863 150048 751520 174648 609177 994322 184641 373317 382524 597016 820664 965710 510829 680512
695706 317336 925827 967063 454360 485439 289325 346025 835265 832526 258625 834920 878230 152902 536605 465830 239806 776116 930591 583280 862149 860535 471385 195201 846533 731610 467530 706696 661036 987142 967568 175897
578421 863975 302357 961357 201741 746374 836453 108608 232997 752712 665962 813011 322146 144270 589367 464807 868009 772870 394400 528985 754428 542190 572610 509109 135314 478038 981917 945623 628733 551409 996108 115881
708330 814941 980289 938300 460740 578483 754876 688030 824615 427855 795025 163725 611315 257833 723898 444502 174122 938053 119195 194708 603852 450872 830694 661513 602829 957082 314517 386091 907727 580848 882287 767684
149676 666609 816964 592628 215626 572226 511089 805130 680353 623027 524438 296226 904790 866353 372366 429430 809095 405907 902567 364721 932098 978721 316437 488401 388994 983669 523167 490791 749498 989765 361444 335466
604715 531857 298257 384676 560842 143343 476110 356234 326654 619041 691864 472600 884285 662925 970009 640044 582073 320358 463921 374715 858794 318179 412425 182110 971155 910515 448569 172042 345533 940783 114476 710478
321301 559239 112631 789087 769833 959061 637715 918083 717767 722255 199244 516033 341755 963814 907376 380405 805647 263928 475192 938519 891771 912580 946532 872438 180933 820584 534435 702932 304785 286116 916091 442650
244102 917011 633992 376033 443635 945073 953707 437757 320751 338963 857463 591996 796458 504789 115987 861744 152851 733712 690014 826200 734420 631201 988355 146213 520561 976545 941182 671829 712370 795801 208531 974950
449993 433423 346121 931472 348254 725050 651413 467170 613834 858651 196529 420329 436595 994865 585068 554976 569953 875995 978342 880308 836823 402279 824236 163985 323884 303982 795413 301265 962535 507250 101262 329322
219864 285674 688123 491986 104284 991046 110785 373905 648976 792495 692762 148275 405174 287144 271176 651353 992367 345985 475893 389448 959956 483446 285732 473870 956586 235936 581255 329585 795386 182978 360958 208730
593316 290396 134230 862683 823573 175536 824831 508179 794162 143395 981767 664103 214934 328824 456075 321489 606425 241784 968430 159619 305838 530238 819193 509242 537250 158354 955726 293476 527289 625224 803134 931175
823102 886198 448120 563633 393356 641156 217535 714591 799242 116606 733984 454788 126167 126908 956071 789697 239105 263034 763764 477697 666764 193709 269834 480505 468116 786269 549903 546810 316996 127232 404800 761901
753017 986019 256928 269265 775454 510190 359792 524177 489738 394379 962091 445938 385352 245623 670684 748936 965957 876179 436870 648250 897607 732955 281734 784781 142284 404252 752177 129867 594252 466721 803665 966273
189569 556820 363384 215041 193900 872634 294349 291707 360530 383835 791865 627322 677267 535660 174597 384950 880341 152909 915328 130644 816075 591124 877001 183695 256265 294736 988136 809340 389895 641436 472910 978713
766433 367247 564689 620083 835896 513543 554198 783205 455553 995555 111240 344382 816483 524153 339718 848233 898972 593865 985711 494164 628282 239635 881105 262357 366305 188243 868794 916731 371452 318503 976573 547155
112895 888166 255414 540195 247502 480051 721900 366506 327144 324311 245848 373749 863439 999082 727840 659391 822915 180606 858249 352798 736611 114602 995620 857082 734419 867443 524492 764436 452543 865882 564590 793218
500303 656022 394051 401974 203922 599349 835965 407026 554713 479331 696809 214032 201065 959569 935638 518806 514348 476084 369293 198239 218331 970601 612475 493631 171757 212027 804077 516691 119046 990692 161037 306502
998676 570701 509785 872138 478595 224085 826990 250712 340666 762040 629132 608137 464809 815890 630887 182223 319427 282002 990589 579624 358560 175241 582978 226856 266979 350862 139219 835868 993475 383378 873173 155752
376379 564457 312276 984475 918765 269847 666478 461100 768749 342152 606613 176432 715786 439552 957655 480663 774926 249139 456857 246787 856153 827230 175887 220090 438420 908823 726698 937523 286096 930522 997668 622455
961333 124243 210301 413053 383885 479548 368044 252778 391845 220136 529388 103886 437559 248712 683005 294195 158428 406857 453421 909493 528130 884576 363633 791573 700122 618318 145258 957949 985053 813888 785017 310925
616213 237134 978537 701610 568107 426359 943247 758229 134461 202560 241248 443266 401710 449453 848983 823174 953338 823343 149042 365265 263490 832181 136775 771097 742900 263115 873557 152550 171769 541107 354013 330391
471627 498465 460945 247703 347227 138595 766393 705265 747758 503905 506193 550183 750660 700846 427878 984367 203808 549237 216880 747766 438386 752798 396532 656718 681634 359616 735157 758484 240907 855454 972093 563361
290368 532095 364820 471234 660321 207978 541975 554181 700318 314322 587974 581500 318760 326784 107925 344232 716482 844470 276102 867211 779363 838864 476222 553922 559463 821387 977742 995037 272978 955750 963297 716156
752707 500410 764193 606619 607441 117794 823706 127983 817132 308720 354720 329729 554315 780312 660706 878314 215505 358842 757194 169554 301468 571635 754480 575604 257351 105288 908222 614336 707579 820995 710902 374424
860123 897211 950724 742412 743364 561885 661187 594427 239044 470796 826359 996700 852297 721856 942547 669070 121586 627378 517775 322044 483432 266326 147725 560784 202741 155372 908426 991326 777447 254985 661158 287609
981594 838768 647424 921386 591494 864589 128034 456850 706542 280047 862022 260478 257202 820666 640648 509422 225957 206524 716791 649439 140848 586749 101007 491232 657262 581890 362400 179722 491819 372713 670800 143228
352253 657297 884812 402702 449512 872463 482137 331234 763424 468147 889490 642951 659804 101312 418232 478900 594702 283698 568246 879597 837599 461050 890693 728558 576325 491195 212724 804635 986093 643909 505768 626663
