441784 764222 241198 392000 708558 268220 238975 252973 970080 332742 974951 189850 762267 431378 348980 265857 534103 923926 737687 368922 384055 206967 536370 296446 186336 699262 721561 702519 375505 291636 704106 505587 201760 411112 301457 224783 804718 953085 617048 640859 165771 501781 106410 118254 696125 233029 248825 325577 876081 671629 355946 946377 590469 965716 232661 176044 104703 664153 764873 756116 393314 888938 547800 402785
852909 386760 885640 576319 354728 260782 431521 983962 552703 305699 672218 753351 414938 841256 393402 787764 587795 642981 290277 675455 133310 548177 749829 545661 549659 331827 726078 100407 754452 376575 574095 399047 149871 693596 955654 724307 803519 943785 598968 202911 779154 871524 791733 408186 712549 194046 291748 248930 274468 602949 889215 120837 266728 750634 351975 586762 608590 529431 115464 324385 627226 517472 342552 438175
431158 505389 720553 732382 380534 904724 872306 557989 436043 853035 452102 587406 598929 329204 316879 427800 432039 621935 878639 921591 694959 840788 731611 586784 260039 771743 661676 199056 579962 994610 518394 498794 430823 471642 650719 421429 164172 634236 175271 593175 512034 689863 597824 387800 807041 246205 531556 475780 546448 314003 397432 875558 558643 932636 623887 890781 328240 708323 954742 369634 637394 206052 423558 536862
309320 565301 282578 293248 916319 779438 370468 749916 506075 489317 319270 134514 198028 271789 635314 857904 914206 855547 984955 357020 317604 848577 285839 622939 702779 717131 979576 379991 974242 572173 155574 370599 595925 933103 990949 520154 516702 806587 358240 123273 444208 554122 560877 300917 887546 312201 452326 354843 142349 912924 276549 859296 977592 223313 447037 617542 906407 468178 451647 803451 712620 191887 911691 374973
281167 254906 484305 222343 681768 504714 861660 825884 670331 544529 125882 316924 738923 297765 812500 521967 564087 461287 803605 879292 790756 582923 877733 355843 429315 650464 963879 340083 582671 254125 621627 987013 365594 595824 156931 440033 698044 170582 577229 196653 881819 356128 223903 607524 309003 900773 958881 486796 733059 512497 407215 338080 651614 885625 489122 580641 373387 523805 135532 386586 685387 801639 225664 791271
474971 799980 730709 864167 111066 654151 354326 726379 547527 509089 645500 180977 185846 378577 118168 564389 190343 257998 493441 983645 586017 424036 657975 983796 634695 763506 644029 222712 246020 929672 532415 621018 838349 966401 958335 296256 751273 217081 372701 987781 923747 891175 204143 744134 117860 779719 320276 246746 351166 519103 784351 713810 829006 956763 936910 305140 391983 766266 116990 732386 710852 709599 552466 109298
367608 620184 592546 584809 462195 329747 741213 965440 246281 491379 985990 624659 925571 404973 736870 873075 158523 362743 339902 193037 891488 203475 322297 412075 165986 878541 259511 451713 626546 602784 500486 112752 698694 983870 988626 268291 357270 570564 559835 480027 495569 717973 761881 862271 192840 634451 298324 463014 151619 336536 445532 280494 619739 154685 356979 286260 144701 832531 424492 717625 638199 825218 284624 183702
356358 595165 802755 330401 904097 285294 133378 538993 618761 376396 117398 910457 807593 464150 963069 967505 226061 203430 537208 608861 955566 448974 747468 525712 795679 336049 773906 509958 109605 137343 795860 771279 297734 442092 694360 319680 697939 463322 585931 116229 172997 424949 982987 886386 710288 585433 317745 711017 611974 407762 517386 878579 344542 192713 879142 950320 865642 678506 976746 333210 998822 637768 100407 140980
362705 165030 845999 997010 447228 876169 466268 374829 522039 178235 472127 747773 202416 849389 785419 456878 207634 971650 779015 830598 374511 574525 730127 235471 908348 923233 434654 246207 797685 688741 481853 971215 575819 354795 836773 954059 714938 904482 760095 606118 102610 990161 758261 100736 925828 631600 880086 716329 727834 416252 363361 362732 216047 109256 859096 690017 795108 134079 836662 358417 913461 403431 390765 616076
114280 936032 879135 225821 528265 839585 559128 358230 667102 203824 637299 986787 103622 441283 966426 578086 875822 677767 631839 317796 960399 537134 231541 613670 645099 570841 930154 299297 401259 351817 142599 544447 840002 699267 438958 796340 717664 240040 908407 929452 735597 913547 705638 454409 706090 343061 411389 642540 180889 449720 951140 659377 549184 159597 443186 510562 299192 929458 276736 183923 993452 800438 843419 304050
573566 769220 572952 458897 425779 877584 462636 672101 243544 209696 419073 465227 877082 838270 649592 622311 834754 150174 824940 571629 844402 115883 683490 488931 908493 541970 868387 164138 984537 694452 610662 133079 844700 605334 426167 780939 124737 502316 522824 807730 211043 674402 125503 986619 214053 163289 185712 863431 157038 601399 392335 612864 171775 813441 735315 241659 869187 299137 414759 720841 175010 144714 450515 682120
561538 156406 999055 407471 526490 666689 914857 117942 772247 619467 602639 964140 557344 904306 485898 348744 483283 533303 474306 457853 421076 843282 297090 943206 678010 994726 789194 496289 583678 769761 210416 804605 940409 699457 539693 419931 679518 190870 253134 843258 497866 736805 206575 868446 944017 895444 723308 604331 768371 718406 532543 146458 812467 231927 426973 329847 920093 972043 396066 255994 797378 817877 482020 871144
196844 272491 335697 558703 513119 966769 278045 952986 364270 302755 911624 857611 439886 905222 792290 772681 844890 300409 795010 778094 946110 932651 294108 216511 971619 491138 475980 329730 776157 323586 493638 608326 125858 459316 846672 301509 160742 475007 407576 815064 207705 458191 579957 174075 992579 272991 502923 585926 586474 218797 361058 102481 356372 373446 923512 922804 761912 607226 407640 319985 356314 911948 770677 613326
375191 703503 989043 841570 269929 661483 596286 145671 359966 175408 400911 681750 710983 809470 694571 252310 159842 335197 748485 928692 736522 369287 153772 514668 533290 135401 770555 562763 435490 131766 588722 526365 252562 798200 853109 867247 521375 506719 144886 697991 298477 569547 537641 844168 181525 121816 730732 893375 918330 229605 857444 374757 920891 820018 995389 991406 652065 345902 180874 913908 690953 240515 805879 203378
489071 206952 753130 465782 492727 797392 823568 421229 989557 502579 122081 130441 342253 301014 453232 359727 153220 372205 481316 410494 431415 911216 463281 849585 610926 963264 558258 908072 905520 508670 371067 556186 484326 615155 569192 798161 567714 869658 334831 123147 570529 630504 149987 258880 195469 819520 542985 199098 793294 836268 229813 825775 986339 790856 628283 734254 488461 614900 152935 273590 221432 301981 472428 713844
582358 495679 944739 511334 458706 837182 956942 694486 231090 707461 366412 869015 383642 628197 932657 343936 933448 431167 675356 796950 798850 705338 943573 533103 639054 299529 229400 970041 379037 185453 777467 249848 640376 234242 241150 340769 608726 197121 911233 783405 947117 363610 626535 723372 951784 894775 436845 356217 804423 231811 497515 663790 415378 291514 885560 543538 851253 945576 910544 317475 339929 521004 329667 972048
893371 515394 774827 321964 775539 764134 451766 265236 217355 176872 178425 927331 289334 405617 555820 717204 709000 888101 323887 769681 347155 375503 104097 124231 577056 451714 910347 981896 424133 940399 639082 517701 703925 228743 979361 509307 810980 673332 330130 247194 588613 922888 255663 709917 427362 962609 924337 620626 482596 227648 851217 862058 353786 803364 522626 147280 819029 417324 737567 887988 936724 648822 740946 876983
256758 658839 306584 317273 739393 225563 391617 860811 676735 977683 126224 325349 343281 463657 876345 470977 942793 841285 928073 104864 150185 442404 145957 551379 365946 949621 220904 721679 358497 312262 615645 221711 593959 665160 276426 148285 949828 990787 489955 517212 812576 656704 831179 267435 914245 204685 371101 420316 974995 305564 268827 274950 387459 922136 526785 623582 513876 638379 646439 316540 407871 390195 599644 332419
515838 884925 294241 880653 384564 179339 987998 679130 680249 139617 906719 363585 563151 284239 200712 763772 645459 967644 132356 453324 158594 640399 850808 183198 593161 288273 399966 239233 977472 642697 821729 162202 343535 133402 287818 740305 249655 835194 745323 901705 421247 203295 944572 664164 829195 998340 160404 953246 751513 712077 646176 454742 456993 803948 512498 333058 234817 134767 895069 780114 303721 600820 150179 106753
686893 987467 657550 394303 253877 850099 497884 124175 625228 453839 625149 499361 392508 606592 840997 396733 445951 602640 174518 188928 565328 416451 968660 622033 762443 548209 405116 126480 337930 251465 250162 909821 474430 869662 339925 373739 401916 154010 118738 827773 200615 420734 257645 951200 228280 677060 318241 749793 278302 303143 936337 933754 347195 157387 629440 404993 540965 420759 273418 912630 326106 147520 144092 940028
920575 275574 339476 751687 578766 178008 956308 917050 515612 153250 367398 767621 246587 472792 753023 634096 455315 283418 438244 570186 459122 856591 361563 218524 618749 176031 842597 805719 239100 566204 855042 473702 837158 589400 380317 252068 759138 115135 599831 409594 193585 837688 581111 153475 833140 845078 591757 460351 137893 351127 798707 857241 301084 624012 561857 994666 354914 913028 595184 846039 952226 833517 816989 536951
755987 207968 485871 377212 751454 549230 361273 238042 851039 780926 858615 150677 189489 499057 543794 478657 828777 626778 191397 190127 140654 179915 852552 245370 878359 876570 600346 819118 956731 985297 358074 640846 841881 238249 363413 555513 352235 155004 316828 696226 990582 522026 157030 293162 666508 610548 829601 174589 347859 889819 615772 643060 788070 397962 887646 470068 637734 434282 138191 311508 647930 426386 918230 670505
998983 609911 376289 816489 416361 827151 646911 224135 880516 661486 460609 189516 786114 713940 922865 674983 884800 300351 572161 822180 189556 362816 191426 456466 134480 490147 663775 988874 657701 140274 736833 484042 378883 497255 933105 372556 858456 891706 951725 304908 959009 604521 252991 162898 513634 551678 612395 195457 250811 864809 957326 726252 457984 180861 559164 385421 908803 100899 708113 377813 576444 767214 111306 140487
428725 327194 393704 446290 672153 781858 661378 973641 733173 917188 744536 566234 860992 345232 697845 369180 617848 862457 181758 682757 212521 498927 574572 355234 879276 872054 702294 441305 331421 744315 463936 202502 551665 661038 594716 461239 383920 336970 468798 892774 833926 362944 322320 561834 161737 197262 921429 454234 982667 168201 780769 727696 703412 174868 977090 825985 676972 369952 407990 563081 431265 391648 844835 626482
164297 104254 407914 843998 175653 171009 302274 438304 227179 931770 994392 319144 578238 676121 302334 205281 533752 178058 208249 436955 289110 462768 607620 981551 696054 910077 199608 496214 594192 920669 716883 686824 980099 677875 949954 436607 991694 367787 515376 757767 410089 159358 627879 989810 411470 995792 768808 160846 585383 493210 123174 209121 261120 465735 565481 409292 142464 195896 600735 802343 271942 137849 380448 339519
513428 268858 614418 189453 689635 709069 246616 179369 882589 794387 832707 918488 647427 567301 349095 531474 321824 355969 547302 956044 919055 332094 595802 556238 520588 689139 211642 842798 211889 728474 498032 706838 940239 596724 386935 250299 784346 376883 562127 664982 961272 133061 948334 908531 108106 235057 257252 299333 959331 326901 130258 324731 608114 542048 577518 563657 206885 494316 455165 930579 648360 252236 421761 281043
481025 588218 247726 175409 386955 245568 262906 321122 864020 307113 693514 950089 102944 245341 731590 803068 221793 193581 169855 650184 988194 253129 224325 967471 753607 530303 610149 574992 203041 763148 127039 754331 284816 144940 757750 758018 564763 922027 265401 421569 192200 416691 660984 266366 719948 593692 612483 608218 548678 515121 975343 635557 679724 404758 384108 184941 593472 586434 595170 921345 848046 140065 262340 121434
344050 777109 131548 325187 469412 519088 817251 309274 115427 233558 195432 462504 902346 839725 138067 319969 654279 758759 474474 673596 658952 984194 513841 452874 902628 454470 321483 156141 135027 381703 927911 357714 275635 151598 796166 946067 956231 360229 619831 479402 606807 466915 600320 974288 837962 384145 958776 807478 431254 226868 860199 103270 511754 958677 103448 759444 293488 885059 437998 888933 565971 848479 965710 787076
695996 865424 894228 640682 616192 542603 940259 357939 798791 972862 299041 269369 110540 517656 892368 645544 635349 923595 783261 927325 127774 752689 822345 845514 944607 431057 476819 262601 530705 460529 986015 373997 883105 703471 944565 567458 724001 655408 375204 258339 426563 508058 646719 842251 233483 222797 755089 237938 523150 777606 634484 286633 816914 984206 991578 326225 665917 740024 443458 724689 164934 937112 104106 560896
543149 282716 411311 938032 969870 854093 783362 865487 825867 971228 728834 608749 893718 194575 639226 612880 990021 378587 363470 470580 835909 274856 966739 380830 549346 416597 635245 518207 370637 341561 513304 921349 476970 982628 689190 111564 678878 911979 479247 985305 547039 386124 979369 937416 253981 245382 565039 927420 423463 349873 220710 287715 342806 623217 495065 966018 149236 367535 560434 603513 975418 299148 965096 705205
691253 291424 416527 802003 608214 652874 320200 906259 816412 863736 103017 832255 700146 686222 833171 417109 796254 428218 313076 185785 982757 920541 446754 251912 791743 400853 746111 536632 617455 837364 622469 977925 682641 484614 467536 908227 160900 208440 575145 196871 762469 293959 911656 176726 643862 692626 349628 297813 133922 218709 505089 920685 303970 720600 300614 149782 341008 666883 803994 272979 938574 789139 581746 476674
179220 265929 388476 171478 203220 281882 421250 347245 757938 133213 989400 555602 773499 779699 746022 786633 607612 626209 507295 108110 623447 755164 669235 652886 359162 796585 215692 690455 993876 888295 257877 976548 468159 754905 298396 261089 716728 708764 344573 536923 338579 228922 805481 913064 467843 170396 123552 484682 967193 434371 187778 889478 894021 327256 947090 798958 786439 876822 427596 199119 823955 868334 158508 406961
861222 545820 589999 867345 688550 899596 233559 103886 991726 214142 160476 473400 806398 669501 738517 388671 204889 835493 242568 823731 274232 165961 975621 147195 790419 267432 963189 309205 732210 915475 139486 956915 823662 385179 327896 252816 139327 754068 621295 630067 674563 941836 834901 116502 872239 336273 763156 165924 688403 819636 314059 445541 545148 987216 850907 692667 355939 470762 742359 714203 803684 174676 331583 179889
311003 884391 447563 853481 660861 551123 921897 616960 161732 239476 621988 481137 360529 880261 141830 450011 615590 648325 717955 289723 317471 958361 328926 386756 650624 812480 147332 432825 969911 287884 404771 366627 108674 528423 190669 455339 472720 984191 539254 475254 970001 470845 359181 956256 184272 612905 820322 563353 736385 601961 985785 146858 778969 546106 140697 476394 911150 965874 971119 485350 110498 733273 865890 111408
257556 542149 688600 656156 592364 453782 866025 456241 641206 178226 675898 487558 961364 661726 415929 269592 886965 833911 473467 514788 126236 504613 781648 659337 539712 706963 627655 844355 882718 352940 697412 838568 466476 101989 257441 227945 387801 359927 260534 436199 114778 580190 609183 863129 589509 825276 349145 923788 301754 443958 108251 544147 274465 334528 327999 433957 450164 942759 828617 349355 985033 887456 532500 894479
360851 319219 385663 740793 851878 873913 969578 228130 248064 887495 934597 819245 129435 660936 382144 874235 606324 523233 319889 395025 313152 972226 949807 476615 537529 511397 210410 216582 195715 382321 345562 935913 947662 794715 615282 370934 768844 879081 133241 635012 281673 774560 286145 848640 693920 429755 667433 329121 365058 372983 384355 248141 733072 626422 515750 787407 801355 839482 675668 762879 315201 394618 910426 484946
743135 361762 706255 150924 709678 503815 886049 728434 984461 881632 163938 252676 242883 618726 974715 224082 151252 565926 425738 702991 305701 208104 653789 179372 938117 155167 487439 933289 226912 404825 693512 512788 380327 851491 443061 208241 144427 168080 471551 449697 181205 147312 749018 137932 404110 282335 173708 108978 570403 448709 351905 453358 986866 476841 635066 996293 211436 719167 302336 771795 354966 205001 764043 526944
529162 569086 181662 241810 706410 431406 591639 496896 191953 470487 868963 896346 149316 668014 888526 181227 112955 572158 546357 785467 682074 820603 447787 747059 465139 103596 895311 933558 367153 560607 637697 821124 837839 969050 602630 246588 981577 257067 680564 725182 416225 837373 799026 508325 558784 584959 522690 131042 664558 311819 300548 709795 822735 994987 570972 110194 462905 740677 630755 764107 606133 990752 548040 883398
314304 654928 955216 495734 144789 404409 227651 405456 587220 963867 735007 808454 789410 177512 270798 854675 247117 426087 713268 151596 213910 880165 408634 927489 353005 358758 320673 558938 101209 466351 367545 563957 862127 770346 867445 126765 421374 776157 254520 941976 220577 439473 697480 825368 750443 751642 799479 173568 344680 684256 793328 748104 897330 367157 461635 950661 656468 548259 841763 482887 243099 230098 502573 198234
544833 748131 171495 206685 779295 950398 297616 209869 721934 568507 993422 307644 350902 814650 850729 150586 226752 874438 536161 568488 463357 360457 518410 620623 615233 572163 361328 698953 629605 410496 521414 479750 210221 788897 777811 395219 206460 359088 322926 738036 394177 657296 862708 987915 666674 488007 153150 294587 662660 632322 736361 743385 917764 115821 438753 795902 942227 191267 692460 403830 623498 336974 932936 475500
567789 425742 366860 189812 574533 730204 919390 922868 859965 271119 685606 448716 751458 346770 736998 639371 889183 369930 973452 176614 552860 789194 953734 147326 632611 984411 629643 744220 204859 340166 628506 630594 360350 810168 275654 960323 872387 349102 723648 917116 101591 354993 930761 151853 650523 390488 285667 202444 782372 550012 563330 448752 864419 204844 796562 927535 960265 621040 228780 216962 927125 906266 444687 335912
689301 751868 758794 263260 789461 989679 667480 710085 385270 628052 938641 296319 705548 176818 204215 284683 584235 725382 544713 196821 410316 343676 182650 999636 542380 862696 871450 174637 549407 601930 430820 293324 264232 397300 860456 800669 114739 364118 706325 772971 512566 647306 605944 935237 621408 355089 908051 871354 794308 701661 809042 791386 569937 471552 137892 222171 793806 210769 601562 839599 602884 204940 340835 245355
655710 267514 777856 520227 908214 732410 317139 654532 997414 859321 914348 968970 474839 575289 475407 691125 532822 347217 323947 130548 630557 720834 100186 667062 858803 275340 219474 406195 183471 151390 572539 553200 784805 264275 544748 197946 554193 432925 861132 397721 778765 773907 627202 988540 125259 764545 221396 414446 979384 329076 286805 377998 281213 257180 216235 537370 514994 860032 427389 327953 862145 325622 613869 578316
702166 406170 934336 178157 679283 696520 602929 113793 985267 638249 656262 827377 985097 266801 917941 782535 657912 370892 392546 114674 165176 658686 625635 912655 781159 749214 683689 338520 474741 988083 597359 106673 277702 260091 539528 674665 478222 194968 562780 485202 331002 217399 790410 333350 352023 457195 311172 231018 623612 286156 334473 846078 645348 642357 656567 120925 189571 127679 900532 147084 334977 671535 761164 210242
654708 805270 880229 648792 162986 243577 935213 672097 521214 697283 246552 678708 562528 205083 167368 491315 778479 983267 863511 713754 586760 880803 379963 467247 339403 227096 398929 758510 663108 648776 114794 774292 750858 382149 599775 778003 264263 696231 397720 137189 974428 329136 225254 960084 508367 809600 800052 331447 785280 495605 792575 215626 305775 407269 950145 193702 752668 805628 742143 533098 537276 466494 553772 185278
714939 389090 863229 175729 517443 655966 335142 695136 957026 970839 117129 565019 705803 273786 420625 424447 943318 863355 959099 840209 345013 560666 984411 499704 880409 226838 719857 693585 595744 260785 368045 232194 329005 229537 151373 206533 147112 450063 287082 325659 927231 371098 242738 723742 845077 591202 966985 942609 698934 288624 392674 293480 837731 410184 926902 519957 325351 577577 450374 984653 102895 791244 573121 355404
244312 852160 537797 352773 789968 934940 668841 350730 615628 346086 560524 234318 970137 248618 429642 689833 233746 484387 879922 415375 322999 894486 332739 187606 855539 999403 401369 683347 397537 543197 985589 648628 871141 616496 773559 444638 227736 457952 872461 608566 453392 844431 332185 229754 300727 345294 607949 205438 222551 187196 490985 136154 789081 158891 219060 301581 234091 449242 180684 801477 548551 719880 250151 730878
721431 736102 953540 343899 325268 345333 684881 934167 395464 759869 439940 410175 674642 979395 138708 417175 624860 594915 884477 535890 336128 357587 666908 580186 887194 829991 698651 230478 197781 844534 837914 163166 682490 912254 357636 309915 653314 187194 367089 767840 448681 123928 380364 188834 223256 944623 921586 664894 148450 938460 924564 743815 813100 994368 155307 411667 878596 438371 596658 777387 686989 469128 790946 697332
323207 942801 406870 356908 115742 303960 424610 986788 636012 558283 593363 874457 113197 590380 205110 514233 414425 741105 853293 246229 395382 347545 334037 868243 478933 350269 551154 195562 916043 148078 410175 591304 426712 483756 458742 167637 497456 515323 616624 902522 796218 178450 301728 484755 561874 269981 635356 660237 986553 502177 275792 149256 213986 312275 246327 107482 556194 740479 274051 156415 986449 785228 737364 902054
571687 559234 421606 419515 592224 275760 766207 174487 580061 494126 956174 392418 666001 799538 172760 158450 436837 300651 779118 838541 581178 359863 193605 605688 382569 569456 237761 741092 474491 333567 821658 666061 803233 396943 882138 129810 707517 598820 138202 910563 595139 256640 504129 553235 417499 647725 294182 548668 979904 779547 845069 772786 901774 505465 964969 729844 802814 253179 784183 456182 625505 745511 481811 132817
819026 546892 194412 105084 275984 945625 487022 484482 131805 340971 976300 739391 849434 449329 150502 151817 593206 378948 558067 335634 110222 664333 120876 433073 782438 213538 427368 114086 358163 160634 701387 420763 306078 498252 265579 505721 508658 466061 819161 871579 845141 492783 248368 128875 910539 232756 945367 327507 440470 693441 833701 659467 652447 880868 430281 339896 989620 532683 161085 424546 709842 282153 168972 341089
207363 798337 888053 427447 729031 534105 782269 220670 780111 146313 904711 832409 421889 541706 218188 284042 440267 602057 422644 991973 534181 832098 504757 669926 748115 181318 849758 823150 663764 929049 535765 958365 793088 452919 974578 635971 410110 490328 369358 946011 729529 646278 884250 190282 712957 489842 205130 830173 445864 990652 313746 277654 710536 508592 259069 674877 711707 957186 761732 329396 656034 524965 209300 151214
262510 316551 714270 670483 935723 619408 699543 955638 755354 573338 130856 559868 161405 498799 848304 313770 329463 575852 250038 345111 478680 402925 498965 251536 770370 294779 623209 964349 613298 969021 553112 231721 264541 827911 480086 903461 317075 667438 878285 101974 511094 649021 100623 708714 802249 372216 868020 927400 444467 583715 782419 721525 110919 289919 411667 131892 523314 201015 380682 572812 879224 401295 472507 680421
380277 659966 692380 417177 188354 647303 826931 638414 311234 427024 378885 856783 909048 966821 203836 228697 495546 329461 299453 364701 303013 458180 895324 426603 457037 630146 488170 725910 674105 570566 426081 892586 472226 785059 307347 928688 901884 390477 204375 151399 205433 370410 565761 491842 704136 243388 838393 859067 202665 233336 612888 332341 760842 527343 577374 973718 768621 556142 716483 838964 306402 175780 514203 761867
469867 851070 313625 760926 185149 745588 955255 219624 343346 816104 524551 131634 538588 625383 421226 879155 151758 216695 254937 479191 859020 352123 515857 543259 228766 343489 903816 856080 485172 763541 217457 908201 956278 276183 214600 710065 459844 500266 311981 101363 189843 171432 639463 507534 355956 490613 174222 316012 240379 953929 734828 376638 275687 580432 559838 181559 378713 293108 868729 471772 621327 246439 257330 264726
584337 652461 713519 663489 805245 498329 399069 493434 160964 494616 944525 441037 634172 646981 653135 806512 330128 556191 706028 818396 673963 763688 994463 932178 692677 423372 195495 618480 515819 109496 519107 125918 694025 757222 423535 325683 309562 616032 723648 625684 491122 475121 486057 819888 297091 833193 934114 683315 626239 335081 354772 731312 679643 530651 553539 809026 676854 168061 685604 447844 989218 549609 223883 415119
205950 894315 650692 785863 847205 225732 406481 762728 359968 478801 325544 523682 332024 401107 370237 706221 821957 315278 781552 445764 903131 751379 169430 947089 603900 978094 878113 481029 526634 746546 952910 358816 435493 448873 259606 698681 276691 182933 569726 881482 107674 163868 323140 160100 473091 992314 517169 848964 574733 167225 858881 942911 157458 214198 576546 860802 577711 142645 671895 733478 267037 696702 625827 113364
503686 709507 306714 316394 986832 634117 196235 398939 345995 534163 952127 723105 150526 445736 485163 569452 260941 584892 840923 479067 798556 270490 473816 417751 139610 935045 933662 539088 830297 791674 911438 324264 583374 890890 550317 799153 878958 195850 236399 887880 123832 392379 123696 777071 310842 416284 677979 932059 719090 464994 321386 100149 787559 418293 307255 653001 238115 105704 248907 918277 206706 309693 921968 921877
553285 507800 249497 670377 502774 694813 330145 340121 595212 989402 713825 756335 506970 600712 162136 974069 862236 204523 297921 776324 812731 324524 570205 787041 911675 604153 970986 331268 871274 930046 278837 422432 174940 677413 121700 255576 520309 344454 837669 468224 476802 347170 327475 608912 649217 326127 790314 253608 529053 144849 885423 398511 821408 478722 927299 405614 350394 961366 875831 177397 965892 320474 667516 138496
996000 991235 908529 123033 714772 892725 901936 733954 829681 151225 880883 162183 752083 734390 526026 639437 726200 838646 926642 580665 362759 400209 678353 223256 479406 927179 460662 467432 986806 296170 510082 504472 819344 720460 545543 907503 133985 387816 344323 195810 825689 978075 969497 237147 836418 991603 274222 792232 817406 823838 883968 199888 544182 556754 118211 373663 496804 245504 884875 830831 111075 100025 311240 903952
382423 558938 748827 467595 203997 462046 401830 219734 842962 456468 793635 708449 587421 945206 821461 580094 704762 587900 308393 710226 138071 283148 868672 254312 322837 229403 993667 203844 776014 569823 847622 324679 764097 429834 681758 474697 630104 120218 734281 525391 279248 990591 811295 255130 349262 948863 748202 232248 218335 805329 708727 857364 780265 928660 815820 641430 599588 194118 466427 915408 415683 940615 471712 861413
437413 631021 340101 924144 910893 178671 330277 721344 970598 584417 137507 625109 608241 214747 171165 720310 843775 640619 256566 476347 171534 788495 552960 978714 398723 552134 346569 585783 969821 274865 715552 357430 123060 811536 302105 228848 710493 719691 115671 314937 292816 663190 132683 781715 517501 924733 538429 566543 374684 595953 193957 670040 834385 875365 280756 224653 389820 469766 408168 944125 116026 269800 733479 372586
677687 774506 976811 138626 273730 233621 241784 752774 973489 219394 555032 437968 756651 901625 143989 229097 629824 970368 714637 390822 202262 300365 433007 461281 120832 584986 797526 956987 348005 455284 887187 708718 960292 158415 365495 702908 236660 779264 822492 213006 587441 283116 951916 926360 296282 451874 287488 452884 721479 911864 458436 704066 718790 237611 862131 398270 307145 895528 512130 263298 282112 785829 796941 227103
807938 276424 410730 580457 275235 304677 976127 424918 817652 812904 963769 488564 465471 316715 509184 948486 702755 115727 439665 331037 875325 444587 162120 700272 153453 803548 493889 647035 347936 344717 528986 203168 421350 189599 145939 926182 752875 110805 983890 932498 770498 382491 625555 494902 829032 423501 683483 360450 351048 649913 441459 562954 306321 126587 424923 939038 260366 889580 625269 718859 150251 458575 356343 359018
