333132 663554 109030 108508 570831 635385 674243 627704 205998 568039 757746 384043 896391 630803 963391 895356 367107 882459 996888 860107 316337 294653 377876 815641 384667 159747 106445 891019 353715 607838 720989 323652 955762 234917 198017 521936 680524 131363 100085 757627 886857 536666 588331 551803 591439 318916 112308 901813 963274 798386 293266 203031 402461 793305 865821 756683 670696 557029 550447 827409 549639 917536 399819 825687
705603 917495 778372 131623 441115 816060 177871 489344 525255 740396 139797 524471 128350 784390 270680 962140 633516 554061 973058 488264 625072 438797 444482 575871 702117 743499 892731 967401 282225 118735 851589 299023 255219 933360 211866 435938 233826 450160 423201 114596 812827 757403 364281 580991 770179 943632 307138 557024 986908 395564 720178 858771 995661 880693 584174 527795 514882 349878 797704 525748 138153 527520 884013 119807
716359 480214 897529 420041 439629 679451 885407 752592 620701 807563 641316 759049 729587 264747 639892 573981 557934 930950 382338 491365 175239 908528 325208 595229 204431 635939 147787 535621 333575 975430 127137 935057 269420 521198 509605 341260 231962 992948 394556 139306 670740 513831 898154 186706 212502 908520 871139 904677 641219 754253 637568 366612 236371 133213 727898 233663 882244 902697 332408 423191 870092 219439 824027 434433
457737 959250 883117 598398 946578 678543 124784 908961 155297 816088 450351 836320 336829 735243 528646 334812 516621 299250 394298 944372 685291 421764 369894 972239 873797 611052 829967 319662 485711 134162 343015 143299 291349 507486 560302 764896 906427 256606 491341 856625 365907 227868 140381 419231 241283 544717 233538 231780 835210 397340 615054 702874 806192 518365 201277 814022 672656 980240 266868 252045 567974 147807 305255 474237
996583 440517 821999 162663 716972 449701 607492 840828 852597 958149 730937 831864 145951 529792 615425 880765 527106 254609 180361 665718 209414 888143 380907 676140 901969 268684 913563 826858 358572 544895 360007 223810 172771 466350 154634 628593 977533 162238 617552 442126 181501 292163 252748 619586 867744 207251 990110 427950 270531 947837 146664 549481 925403 349137 673823 324917 135248 465729 852744 178015 653536 902721 645564 610223
201531 582072 542340 998864 941962 246520 873522 402515 134429 858916 659332 263991 138037 183724 370897 261302 204703 507920 675779 318198 630297 714360 724380 898995 178820 652094 914261 438390 813437 267400 438851 539065 701872 842298 669255 744547 115460 735276 373465 688905 714891 612315 557088 531934 220832 615143 134894 113872 570344 632132 145715 525474 734505 278495 856199 944238 299753 941335 745086 417254 946440 710499 652613 129854
790558 596756 485395 452424 493612 593239 422880 633388 463023 345472 348755 391170 555115 242906 876468 675289 396280 469221 208101 317851 494592 350506 925849 956885 374987 870188 869767 510817 159791 531438 854938 505362 402152 423162 338729 955908 805359 836742 262498 996378 892673 404454 457053 409603 264900 413335 877933 440324 141208 416640 857740 782772 275515 367772 872448 639937 243016 528920 371015 699665 674012 337760 116489 762450
588426 736747 185237 159925 263567 712035 702618 548277 262364 890526 594181 570851 186148 434396 350390 971394 285334 887782 838325 940787 284452 607611 750120 189188 377548 551872 377956 310127 557201 199552 628452 376705 446593 984675 951523 151999 908056 951466 229013 170929 608007 491377 884779 879863 957264 895342 841771 130292 950941 769384 440408 156047 455483 729598 298390 684605 896216 609864 711440 540708 262750 410783 260724 691311
496552 458354 941620 708502 889425 928244 197089 753101 764504 401182 396601 330834 567594 703747 193520 967481 818835 420598 414698 939976 726113 700325 888164 684302 183978 201178 604591 249418 724039 583365 984731 639072 949860 471643 840224 782685 970336 647963 778494 284286 233249 147557 844442 339790 314931 798863 444164 910878 977284 369007 687700 286760 959846 946129 355923 737562 307132 985774 389090 696269 381006 996473 400454 637971
200099 548124 137730 215583 896285 920660 850802 205830 955109 197654 907850 641788 770876 438229 711373 161593 410336 973322 536598 730977 230819 618305 173286 565658 305768 871325 815431 605367 725455 511438 838476 871861 401788 653077 151680 200901 227171 958162 503749 518150 905391 462335 482595 607769 523418 518878 657382 562514 861277 332052 188699 840092 369600 408585 917887 434931 704093 146626 623548 383294 742886 825654 689970 936677
195784 340262 977484 849595 104506 978331 120336 385676 515765 859991 637522 593905 146780 871385 246969 568416 664696 773489 512632 101243 161780 502583 277851 579953 474500 244890 682107 703618 457325 958143 287333 792652 266251 561451 505220 217222 924937 143774 373671 233975 794365 578385 463988 168274 311187 339425 603790 425784 945188 522108 283032 194197 640803 921573 331087 904609 672565 130307 153031 922941 429051 488046 229574 516458
771411 159091 441424 822759 928945 545398 696088 473810 162854 670614 669290 344816 214110 712973 396517 834769 224682 643530 965479 254605 660789 334976 758043 634960 777566 988646 365733 633198 351295 404036 370575 825434 913798 555990 190941 865352 823320 967878 483376 993757 429801 138302 889694 880424 637007 119522 644665 384152 465617 661970 323709 377556 339858 465842 426720 442717 114609 301421 161515 968438 681137 646923 758958 816303
356968 158060 447566 764435 194616 145834 309823 320452 311871 400015 397273 741635 861004 772766 532036 545279 284200 398176 863649 950797 366472 313591 995193 570739 181545 153161 531612 256847 254642 568292 209003 136462 375633 820286 611022 938201 504933 907894 374550 948604 981293 342092 408342 239816 865870 558909 881485 613463 793179 237004 896809 967296 848329 124751 508781 400178 517541 770845 371684 592164 517972 861371 528378 170975
369298 590603 397902 505338 503772 123548 685899 263647 423071 466638 496072 788877 987408 316493 281164 327186 387334 345882 615344 754220 381074 219351 453230 569777 346606 865713 489798 355451 496068 296299 530537 762866 507362 656372 893181 973273 248431 567274 414107 669842 199896 131154 708857 263365 560992 777965 862415 554405 692591 526820 995790 898935 467898 503529 981727 405685 827772 830192 703493 173112 472699 539950 956549 713646
660779 872023 281781 922890 575813 725821 725417 531294 196191 195074 777457 802077 758933 524513 208027 349287 856213 797747 867367 489820 389158 465759 496458 729136 822188 976026 155535 224737 997290 525864 345955 512350 246850 812159 346543 752696 736135 244774 899162 550186 336233 510785 303116 321022 573418 567219 236678 316512 846390 702153 972830 894207 438119 500130 952678 686413 494411 761531 783646 370046 117765 941582 261326 519284
785543 990213 470976 407220 938578 716178 885656 526747 183751 293466 451166 534509 342186 771825 905333 356495 317420 212504 266225 560484 837999 144230 677620 951053 376451 699514 215427 632499 418007 528748 525660 824158 657033 465747 342068 798205 814591 717106 435057 607672 179332 318978 857976 430417 644399 379082 593340 169018 761401 132806 352882 399141 641647 113926 182638 172209 968493 497348 938736 147488 530078 731200 764560 314890
382631 909302 778203 323066 444708 672651 700372 535373 767590 954662 875036 407219 382676 163018 334427 651972 966109 108137 779437 730990 842113 607387 633900 430628 809791 399458 240881 160323 625458 351457 170333 667238 165623 453916 350300 958793 386143 489440 117550 113122 442283 304601 429083 455569 394001 771747 365993 480428 991076 810170 315178 370461 361370 341980 282136 515988 732036 413126 675883 157619 175899 674757 416777 241610
983194 408874 931974 467885 570261 400050 880418 569589 415324 432107 998825 518267 526520 807236 187640 990453 247700 412125 182777 588730 676376 271082 651371 800600 160210 301171 663256 123401 150762 659696 486403 131361 739106 792361 953388 808689 881151 379598 480725 384542 498679 714414 973667 777102 948736 460853 786229 269208 645444 611868 548115 524488 328627 286292 613098 722232 709272 936395 610768 593970 157533 162005 376866 683650
656237 955520 656347 144770 169664 631841 812310 109214 669902 440054 405391 422644 432093 572807 533649 960544 623041 766851 947289 288570 353868 855641 682770 755517 801740 284861 592259 751543 237495 288192 327898 616912 263793 465665 881917 738918 942843 287928 232393 888988 442680 268828 502134 257291 863366 551864 833218 121560 202757 497197 655039 677473 746875 925873 780182 313722 101159 939827 142985 275622 882503 532809 119011 947004
324137 837457 577545 849830 393347 496246 280566 903098 298536 210921 456688 844399 421706 595327 292267 765828 825266 440385 378091 571612 744376 809498 192623 925994 782567 600077 834106 978009 370541 729181 758457 746205 633614 313116 375198 662166 314956 109620 917599 469090 120127 985937 539724 817826 663581 703502 696973 108375 106696 550528 440380 237848 127815 470638 896826 747278 172374 394336 163865 644796 695005 635696 707742 776837
993251 406179 690443 717726 857767 642455 197961 674599 302281 298244 804631 608690 511861 378867 526940 297106 236466 181267 577807 596141 427890 169387 637699 230357 313252 931162 744201 692161 617189 255963 680084 238478 883551 882187 157486 857216 938612 915876 763488 879576 208248 922825 123536 154073 714140 193782 876426 682972 544264 732698 849110 407529 908351 203253 133908 353420 168205 228237 435963 349569 307937 311419 412052 596280
176111 342730 380269 851638 438084 222091 265873 382706 955034 250454 748625 465160 262563 907903 324257 208158 170146 387705 538861 515189 201585 845762 533192 706598 146890 390197 317485 762082 120409 172034 821968 118654 781668 573248 185881 333925 980986 402940 534874 417049 370769 367964 971793 755050 838015 982235 348594 199842 643011 483790 206058 421794 341005 695676 128006 292134 277529 816358 126111 233758 375214 890320 895737 749358
601809 694382 355750 580047 252519 568510 491261 163654 981162 695888 752914 224976 409391 134450 197564 113376 971193 347161 691705 975659 920463 761453 997731 770405 984360 822835 131252 324710 837359 340216 834502 321115 195499 392981 926784 523192 137624 239135 200421 179263 346272 581379 452532 198645 567975 391629 623930 840132 611897 205251 251742 333260 914798 626863 625839 364927 149654 431677 318980 404402 638152 355859 893918 825688
422133 854992 312860 414042 424104 291224 221008 202194 590640 875093 207555 500688 434206 281530 246928 308851 309167 961980 154462 315445 557567 292249 534022 262362 310799 943764 855199 859483 465493 597959 902297 374729 166304 335683 703282 198181 645249 966726 665731 394013 240268 556340 343642 740470 838778 191175 883101 268942 109786 362544 677615 594078 760821 748863 266956 323657 655212 372752 279412 101793 352999 616838 287849 445246
175880 357178 436424 731588 215593 430264 575259 347164 966743 237250 595300 281404 154748 276137 867634 275270 571012 719302 416569 837751 747638 293554 150584 959599 563043 493634 484425 294926 883842 390404 872782 740456 852498 326171 768065 377708 548552 549452 854239 574914 858575 901360 912116 155962 435500 268724 649139 960024 618640 527364 548413 127593 312025 158060 449463 404743 510141 309346 697230 137639 158145 774357 928308 823638
987931 699414 484693 539082 974595 484871 134165 134058 957057 378866 334840 151315 612932 299698 984945 804834 937259 529384 886867 717759 545894 458764 638033 155314 453341 753114 774948 761649 437059 753033 673294 870414 462080 516074 914413 326166 140067 360117 565775 735246 816493 400600 549284 735606 423690 467647 682611 341318 315029 383852 949097 124460 723165 484551 322080 704367 193062 289658 255000 252047 724300 500848 562627 455169
496338 805207 399435 790238 427073 476485 280671 409536 566935 161267 496837 376237 710571 894212 461060 194128 911743 643560 415435 919060 742126 959818 869534 122528 726221 530651 519183 500971 243229 242412 693317 601246 201480 266081 890794 946173 697204 146604 880653 542359 946318 243636 498233 407188 336460 485364 705929 118556 802744 297571 692062 171162 621695 735811 689827 883762 329357 592659 753012 185550 681000 462922 602182 120888
789232 224386 470620 784867 403919 526294 191809 748926 687268 402407 423178 401450 711899 317779 224357 106959 404572 997250 444333 738571 115167 764224 399365 906283 910193 464768 198889 222431 598130 534095 594094 538619 581417 112428 679636 296492 404128 503976 663777 518467 842821 838490 158870 409199 172009 262965 223456 399063 392437 357247 977924 989863 794643 646039 736771 154969 474864 406754 961417 324470 902988 545819 228516 145846
425351 357270 869554 327960 362174 380000 906199 795361 691052 336838 431478 812317 876049 584902 788980 407731 461172 853660 671163 326600 157538 224067 553844 342697 992490 469083 230015 396332 841009 763064 147459 240857 530468 823267 901761 229814 889858 183997 203423 951704 128645 606819 963193 786315 275013 330166 805841 830331 429475 127234 290982 261876 637596 100464 932782 783850 804199 236131 520803 391727 396911 361529 225637 550989
825322 289492 718500 428285 350720 631762 891429 996861 707512 707229 409702 417144 235364 847561 363238 416786 424121 510062 938355 377415 270177 529369 954278 267530 402820 662589 930386 767667 660203 636405 934336 116704 531820 874610 184341 964597 887203 392545 210677 910991 332159 771277 439928 176435 727871 743475 537103 180486 659732 351471 636704 798353 137752 373547 758552 429233 820721 951991 594554 777740 192005 725846 657146 105572
914146 525313 704452 507128 525910 590786 619544 112918 709814 329901 639694 330340 766590 186939 622233 112211 287806 695737 842584 234078 964714 490321 603777 759939 575788 435002 767037 844853 451912 489333 345339 592969 483479 468968 352622 337983 597827 750491 294515 577365 903598 116848 570049 752033 898830 354658 393307 170816 808838 519505 946329 512605 129105 116047 477041 564029 811951 323325 187098 540102 416809 705415 551856 821031
465326 511048 694243 463993 400825 168339 271525 751142 209223 125004 723279 343419 727539 766737 553584 724740 506180 783386 560567 589721 205150 963593 150123 381219 121977 576498 409425 254054 642160 693522 699232 641254 701641 659983 901644 114554 852607 766202 906645 473041 245970 695913 260989 321309 676342 761499 946956 290104 697884 202009 983643 361918 306048 727592 875657 335861 748066 384977 170180 428673 631154 545828 327618 536552
563917 576790 532262 552033 362887 185441 263427 316802 180527 689882 965520 238300 922713 241415 264895 954714 278659 774298 848581 881012 772397 188064 888365 353298 826077 927476 759604 777532 185504 353328 307684 585805 630876 927664 783061 651917 567759 688065 856157 790807 472409 249539 306192 554431 810801 823258 893984 398913 736946 837038 279553 891775 595040 669197 207571 951831 663070 476019 534967 442836 572961 427731 268973 642864
648793 417793 865572 447281 925169 343926 670324 249889 257723 238478 707236 286349 390702 466913 330924 190494 638053 218860 160967 906782 949949 619244 630896 429193 646694 982072 912994 862934 220428 323434 980367 692737 533258 764844 468884 602185 117827 350289 606021 926627 152541 784380 439931 273343 308710 307571 503549 242905 715277 894425 521871 432762 200068 265394 782295 375861 918632 465158 302547 464668 609191 959643 425621 891141
365404 629912 736474 334110 141932 501777 972510 996180 995347 232180 155302 897786 230207 653167 263323 972969 874193 955839 420150 843349 622398 388576 144696 981505 777620 337450 484426 353430 544152 696906 272529 251222 201362 492937 525321 829327 383451 759954 251840 472409 218380 227536 929820 356634 747097 114778 339236 298293 964744 690175 895746 938531 262831 598048 733248 889631 180454 593260 330686 977970 815657 671897 379380 994371
292334 381479 600892 417443 520716 837952 469715 934889 604415 839407 543326 489614 560712 851734 756294 790128 476713 395830 812675 277058 646805 620555 496147 872065 209028 933045 216883 314097 874139 204919 270378 810786 581136 192368 846663 246225 993150 304663 676570 755756 644428 895479 863636 987835 769144 246631 280565 558190 497103 200814 820093 741007 103888 652119 138785 832199 207607 893693 704589 639216 108605 197272 121411 247667
847085 766862 977659 651760 845999 190155 819124 836648 272921 551263 867879 237331 470500 620515 585104 522212 404427 907051 613092 657805 823777 446934 319664 390768 292782 346443 574596 782491 388282 992829 275301 240972 617294 129070 425847 553974 145365 626957 483486 749635 325190 356533 205291 211585 584950 433240 361201 478442 633613 824700 494637 514505 551151 618722 371818 639610 466694 783039 849364 193125 644910 695202 753163 835666
121653 696275 396063 409942 261457 118420 483687 288039 760230 262129 707625 177060 646182 833647 450160 561075 844885 244759 609310 435937 660005 899655 927483 172262 907145 762674 463654 978586 120737 721341 199320 757372 584436 778264 134686 861489 297063 528370 724921 618515 945837 536960 985802 918496 727795 950326 175421 602260 185220 176029 840088 144908 119655 860984 269139 190860 283688 231814 429257 960760 896905 865140 943840 823031
868955 226601 231763 962547 617971 555382 757856 334660 227963 293202 121378 676696 604080 681383 567991 531622 903635 846172 484716 864002 697588 830900 588093 778022 333980 264496 544852 598600 953527 935590 864312 855086 281284 514612 625475 436271 421104 959677 550718 782351 189372 970484 376814 611136 396354 986610 509439 743656 158710 674830 145455 698453 632907 336293 284788 279025 825218 250871 402864 113559 829393 417340 612856 898819
558255 992385 305776 493814 253709 613823 704396 856063 849772 339958 610450 351435 394432 716361 789250 506113 224702 116357 696230 153022 872476 442903 843150 299708 851257 127566 248366 603458 457647 760068 901697 823170 807646 824453 653895 708429 521803 408587 412839 533745 202398 910467 641703 756886 582023 403569 935683 830575 462826 771537 955112 632701 893531 377762 789296 629367 630886 899825 547187 996684 669356 655737 868351 348100
731366 891551 278447 896889 141962 243590 850035 918362 815083 847702 214241 459309 997505 424726 485816 718701 318341 448654 512079 666007 762176 435496 206451 938058 176534 620153 139440 361011 565764 801950 450334 997997 579008 290711 732861 894053 292321 162756 730446 575701 247301 142090 495695 215204 129368 543888 247355 693812 779223 319889 902118 806437 474613 351695 783154 538384 562882 678569 538784 414662 107892 140461 323730 437734
803139 674334 886923 878971 305887 195721 888721 623120 750270 147615 931365 319834 997103 926088 964825 597095 880920 313759 408404 489912 670406 429458 550054 325794 813180 801383 645262 495650 232139 186436 403051 886370 891426 545137 209247 714162 702924 820555 582952 682619 136873 925911 771659 654908 248321 733655 548727 361514 618861 854383 351624 749018 989404 530303 116133 368471 684783 613441 757742 667176 744009 617613 861749 336481
906056 732787 926132 129494 116649 367597 202469 404545 371952 479805 879884 658827 149701 947996 378328 912413 780126 722450 531147 529263 137788 219634 268496 563087 104093 615929 618022 498005 523803 544460 609783 350479 307372 436305 840741 412440 818635 528759 889058 525582 852802 776874 583248 791930 579622 664745 514557 427542 178217 739416 729477 896547 411001 716848 109896 951597 141937 366655 296866 498651 422731 529898 559906 443695
449936 152901 530965 799498 574225 494412 240196 670663 157302 691668 269161 329766 804281 542058 427350 774752 954969 847993 570097 665690 277436 323433 533644 128805 992607 671787 960172 667747 387042 152991 719042 928358 870288 906313 652178 269894 186690 234402 562248 296623 521476 793863 988810 658186 184921 856070 603359 941163 696628 806266 322003 449513 481197 980581 606326 863024 317234 781429 774335 790541 787086 603908 127630 708891
214457 182963 762575 535516 708875 632359 601061 224413 894565 966543 892192 888648 998913 464584 930951 594387 273204 871277 482635 275940 107752 191997 854581 392502 489964 981790 187829 410858 821216 958632 876823 475314 772251 903412 238853 572404 475145 889631 136680 411908 481988 881684 770702 210374 599482 953094 626734 887054 494504 479496 945305 489764 542552 500932 721751 845736 846774 245229 611692 619652 228607 741274 142308 986721
289179 155715 550126 405689 328290 734583 103612 975032 934869 775733 239882 334649 211832 823411 435580 307838 573659 955153 520590 391247 566741 768770 555707 210466 214470 473857 212162 349841 950671 632160 692419 521788 353650 573171 582183 193840 300945 430118 132010 220230 944449 891229 598416 611529 777929 268418 141427 665879 111909 319072 676331 331153 649685 483415 451056 916517 513364 343745 279295 522040 399540 124300 542516 150090
546846 358161 858734 442017 872607 679771 497079 254199 294405 958937 268398 606649 853974 564098 524816 257341 346167 979796 477793 981486 900304 503363 976322 410432 301241 971748 966737 112991 755955 461970 296647 548688 819827 868556 534832 937635 682420 519789 296582 388163 776779 776237 632543 377374 236005 436578 539850 291622 689351 764509 242258 575393 451295 347104 871205 417252 468114 357554 791376 643583 864011 938084 912368 259517
431742 684410 533258 902005 778386 584204 650279 485174 965793 525911 252345 993315 463699 810118 703280 837867 338041 791749 531678 949687 909469 430181 600051 116150 194104 177698 569934 450806 743002 971088 461907 285075 424043 336082 722929 363582 552553 716407 409335 500969 837976 345301 836811 419867 209978 281994 830924 518188 954929 505975 962485 325257 765541 482250 889891 320724 381074 321067 772523 145101 951511 800283 696507 788341
220356 923921 125704 884394 551486 393487 193907 268919 970560 837076 963565 453895 432002 129607 851376 756619 844054 949488 653199 202134 424873 417857 260330 260943 253044 505841 771593 937179 258381 619018 648586 855697 254071 374046 171287 593459 314656 838946 944011 889578 887014 463805 374284 999175 392453 674438 963158 653373 356294 733413 393189 641330 764100 399587 164927 405989 482838 907307 126682 133913 970084 290678 247114 476055
618872 883261 270981 580609 459138 275987 202748 616030 577884 441350 276612 887150 999017 966898 704942 112525 690856 616926 943727 678921 407543 247533 598567 144832 206373 757218 884666 156489 492166 508550 776731 485837 512827 690793 948664 535018 695261 578785 785781 691772 963992 562979 625636 271279 204317 955181 773159 434493 844267 629925 538715 638776 790230 416165 765136 586023 815730 920617 877284 256290 406109 335861 480659 718480
687207 573507 412756 766386 775728 168290 843587 499429 729162 911238 865494 872320 881168 389683 150128 384429 117716 186479 876981 383944 849201 767334 721974 190352 166644 511708 610814 439060 523513 730237 481661 454453 193366 561372 486119 417758 773966 963806 825423 267258 357997 751787 241546 208072 878345 792198 568707 483705 113082 336463 335187 409811 487475 161990 120999 727275 568972 340821 449775 541796 386197 519484 536800 250608
817935 961277 254877 854715 165737 305824 101429 127455 400933 481659 722277 372187 533040 919366 284695 661939 417571 224434 750554 769077 580668 183521 668063 288469 906408 283672 171194 540150 386505 185134 634501 188099 717655 460435 836899 514362 531878 646957 934437 949394 174566 842399 528743 836099 916925 177770 367203 933741 847358 337617 424927 600293 308076 688774 748840 611553 292366 954835 225993 939017 581678 823697 666954 783693
590360 275031 183262 489782 942048 607979 532921 875222 899532 518362 894666 266904 530888 745381 774738 206478 929812 208365 462417 897014 430978 149221 185675 735027 705397 275588 894115 849084 919609 751248 604515 386164 243127 318840 125238 476674 712682 127213 924812 119484 107482 882223 755624 758820 541410 355110 639162 423790 296537 264203 947290 238762 924595 314020 140510 994266 559428 448996 603194 666161 367153 738581 986129 916476
324744 689910 797016 909485 618361 403440 558822 717304 418780 385895 468270 138214 192369 333201 575053 385333 217126 717100 432392 699325 829730 226893 401476 283958 691560 625595 986086 783614 367152 144007 657726 537403 665325 626623 933749 285663 720426 595202 907192 709265 900756 739839 593666 458410 776483 188320 157538 123562 716800 442182 859324 390075 750085 957455 251573 312861 840755 876121 349110 183000 819413 134103 811861 210944
967574 334493 818913 935406 810366 509446 116097 133355 553874 540736 551160 790486 209193 690910 271263 699394 251785 281511 687339 656026 228249 746257 555775 576187 129429 479396 488765 720873 983260 695101 406385 989898 450745 336926 263735 476063 493697 895023 544363 667760 407571 617370 430361 464204 863470 576838 204383 631019 476755 737321 647337 593393 850239 234105 414104 897073 844322 689639 472078 403805 168102 931216 604080 990971
524657 969836 584953 392433 282460 528529 180889 714149 840898 540022 343550 841692 597744 606995 127404 116810 192832 168600 517497 186480 228398 338491 309997 370272 397317 551136 596398 864290 365959 415857 430098 824282 182030 133884 886259 611364 766648 866278 679341 582328 197596 175771 829666 998276 865759 483897 257651 100580 531964 109082 149967 869267 406530 639329 885144 893561 368518 751058 441215 775410 446051 995853 183239 396638
142011 154780 737984 807555 457598 973356 650744 589892 293863 571910 453589 422395 380450 595583 661893 691916 650331 414120 247805 751501 666732 591530 447662 661067 760487 271367 434398 765349 847724 980067 115663 395507 581264 942797 638497 112865 251136 834534 934076 584841 400666 100437 600044 338762 312418 589136 712154 342130 533349 331439 945227 689496 339215 136206 440209 589681 363375 143877 237710 648601 507899 386476 522967 124375
559874 302307 222068 876063 232688 954157 555920 399395 924336 549764 489702 127705 867606 461475 304411 896567 448644 606399 922056 799482 865340 612654 918824 602384 527711 585553 914995 600504 532473 105357 245255 649214 737974 630975 110586 925583 407140 563684 532217 339323 392811 496565 440885 490244 191361 821047 109228 141130 539829 838521 433545 325123 135237 941432 880781 674813 268014 974574 839198 539811 323265 851003 629066 736225
326447 959401 262073 183468 156744 971068 903901 299283 497849 736639 934851 594239 148163 801744 232516 385828 249200 617116 791163 886149 335868 244632 407335 387674 567004 679500 537612 179359 882607 667098 855648 391883 458903 996364 335895 515700 231136 547119 403633 714665 671714 270397 346700 242630 502987 329638 556766 847960 954804 965347 521700 233297 346626 145716 433765 306099 885721 564364 522449 828086 916928 381427 319741 576010
750603 611654 156676 374306 964001 833195 692601 223089 737511 640281 789203 877794 787368 456910 724913 565143 318215 235132 222723 133219 586203 789726 444150 533366 761774 415267 990435 486670 110458 153520 314209 688755 958364 727696 949747 895387 933887 756251 554134 848174 564094 748029 576594 790884 618818 387869 348495 225335 682952 978596 412054 838811 264337 761479 177768 512958 204814 108901 172693 395933 293755 941834 770505 243716
903833 251688 912263 236921 938703 747890 255099 693401 485161 565181 996252 394215 425639 342929 181677 218636 471126 111761 361249 882046 524435 536741 744875 609261 500746 688789 881322 350266 766947 456233 768091 821668 190222 892416 339860 291121 124769 756859 613729 923386 714171 913251 735232 843874 586804 814706 953851 396861 659245 963574 296640 128622 850787 434122 849067 605113 302473 171557 854353 738719 447442 611869 411454 498955
773302 332643 291807 957199 525859 164621 736293 869827 877815 795434 579037 125642 916089 732020 546858 469915 670453 298947 903288 575438 411374 706485 113846 523902 174761 477339 870169 337609 237201 216352 362960 959491 817239 479469 519446 563346 276075 532649 134108 210266 406076 844213 621219 677310 333700 191355 401077 329700 439951 919591 474481 625804 194389 217920 316654 858044 984373 560166 655763 588840 325255 368496 696241 417727
796035 877550 670330 154374 687744 766710 635132 886337 296597 810131 475662 681306 730982 339219 665943 182555 963866 774901 391455 952802 696531 192602 702389 369585 746002 822572 408280 555694 146744 783504 533009 959306 947837 874727 263899 898591 491133 671188 885665 772455 283975 242356 679882 486806 760319 876810 746701 270490 198419 161660 735173 585729 725186 660963 294510 351662 137283 824449 405011 823122 710763 281369 365974 126667
108957 962923 602027 928902 866188 957075 383865 972144 802287 915812 261910 935692 273778 820546 760279 963499 613673 282191 899567 114067 120195 467941 884366 749273 386265 482748 580110 535489 238203 742222 131811 884350 477994 645280 989089 761403 979127 855954 880004 450820 667826 664183 712328 425231 859738 712146 959955 459825 314763 135514 500063 431388 352258 157960 624560 458146 500213 481380 706085 955246 266416 745504 393367 510483
